3525.000 100.000
3550.000 100.000
3575.000 100.000
3600.000 100.000
3625.000 100.000
3650.000 100.000
3675.000 100.000
3700.000 100.000
3725.000 100.000
3750.000 100.000
3775.000 100.000
3800.000 100.000
3825.000 100.000
3850.000 100.000
3875.000 100.000
3900.000 100.000
3925.000 100.000
3950.000 100.000
3975.000 100.000
4000.000 100.000
4025.000 100.000
4050.000 100.000
4075.000 100.000
4100.000 100.000
4125.000 100.000
4150.000 100.000
4175.000 100.000
4200.000 100.000
4225.000 100.000
4250.000 100.000
4275.000 100.000
4300.000 100.000
4325.000 100.000
4350.000 100.000
4375.000 100.000
4400.000 100.000
4425.000 100.000
4450.000 100.000
4475.000 100.000
4500.000 100.000
4525.000 100.000
4550.000 100.000
4575.000 100.000
4600.000 100.000
4625.000 100.000
4650.000 100.000
4675.000 100.000
4700.000 100.000
4725.000 100.000
4750.000 100.000
4775.000 100.000
4800.000 100.000
4825.000 100.000
4850.000 100.000
4875.000 100.000
4900.000 100.000
4925.000 100.000
4950.000 100.000
4975.000 100.000
5000.000 100.000
5025.000 100.000
5050.000 100.000
5075.000 100.000
5100.000 100.000
5125.000 100.000
5150.000 100.000
5175.000 100.000
5200.000 100.000
5225.000 100.000
5250.000 100.000
5275.000 100.000
5300.000 100.000
5325.000 100.000
5350.000 100.000
5375.000 100.000
5400.000 100.000
5425.000 100.000
5450.000 100.000
5475.000 100.000
5500.000 100.000
5525.000 100.000
5550.000 100.000
5575.000 100.000
5600.000 100.000
5625.000 100.000
5650.000 100.000
5675.000 100.000
5700.000 100.000
5725.000 100.000
5750.000 100.000
5775.000 100.000
5800.000 100.000
5825.000 100.000
5850.000 100.000
5875.000 100.000
5900.000 100.000
5925.000 100.000
5950.000 100.000
5975.000 100.000
6000.000 100.000
6025.000 100.000
6050.000 100.000
6075.000 100.000
6100.000 100.000
6125.000 100.000
6150.000 100.000
6175.000 100.000
6200.000 100.000
6225.000 100.000
6250.000 100.000
6275.000 100.000
6300.000 100.000
6325.000 100.000
6350.000 100.000
6375.000 100.000
6400.000 100.000
6425.000 100.000
6450.000 100.000
6475.000 100.000
6500.000 100.000
6525.000 100.000
6550.000 100.000
6575.000 100.000
6600.000 100.000
6625.000 100.000
6650.000 100.000
6675.000 100.000
6700.000 100.000
6725.000 100.000
6750.000 100.000
6775.000 100.000
6800.000 100.000
6825.000 100.000
6850.000 100.000
6875.000 100.000
6900.000 100.000
6925.000 100.000
6950.000 100.000
6975.000 100.000
7000.000 100.000
7025.000 100.000
7050.000 100.000
7075.000 100.000
7100.000 100.000
7125.000 100.000
7150.000 100.000
7175.000 100.000
7200.000 100.000
7225.000 100.000
7250.000 100.000
7275.000 100.000
7300.000 100.000
7325.000 100.000
7350.000 100.000
7375.000 100.000
7400.000 100.000
7425.000 100.000
7450.000 100.000
7475.000 100.000
7500.000 100.000
7525.000 100.000
7550.000 100.000
7575.000 100.000
7600.000 100.000
7625.000 100.000
7650.000 100.000
7675.000 100.000
7700.000 100.000
7725.000 100.000
7750.000 100.000
7775.000 100.000
7800.000 100.000
7825.000 100.000
7850.000 100.000
7875.000 100.000
7900.000 100.000
7925.000 100.000
7950.000 100.000
7975.000 100.000
8000.000 100.000
8025.000 100.000
8050.000 100.000
8075.000 100.000
8100.000 100.000
8125.000 100.000
8150.000 100.000
8175.000 100.000
8200.000 100.000
8225.000 100.000
8250.000 100.000
8275.000 100.000
8300.000 100.000
8325.000 100.000
8350.000 100.000
8375.000 100.000
8400.000 100.000
8425.000 100.000
8450.000 100.000
8475.000 100.000
8500.000 100.000
8525.000 100.000
8550.000 100.000
8575.000 100.000
8600.000 100.000
8625.000 100.000
8650.000 100.000
8675.000 100.000
8700.000 100.000
8725.000 100.000
8750.000 100.000
8775.000 100.000
8800.000 100.000
8825.000 100.000
8850.000 100.000
8875.000 100.000
8900.000 100.000
8925.000 100.000
8950.000 100.000
8975.000 100.000
9000.000 100.000
9025.000 100.000
9050.000 100.000
9075.000 100.000
9100.000 100.000
9125.000 100.000
9150.000 100.000
9175.000 100.000
9200.000 100.000
9225.000 100.000
9250.000 100.000
9275.000 100.000
9300.000 100.000
9325.000 100.000
9350.000 100.000
9375.000 100.000
9400.000 100.000
9425.000 100.000
9450.000 100.000
9475.000 100.000
9500.000 100.000
9525.000 100.000
9550.000 100.000
9575.000 100.000
9600.000 100.000
9625.000 100.000
9650.000 100.000
9675.000 100.000
9700.000 100.000
9725.000 100.000
9750.000 100.000
9775.000 100.000
9800.000 100.000
9825.000 100.000
9850.000 100.000
9875.000 100.000
9900.000 100.000
9925.000 100.000
9950.000 100.000
9975.000 100.000
10000.000 100.000
10025.000 100.000
10050.000 100.000
10075.000 100.000
10100.000 100.000
10125.000 100.000
10150.000 100.000
10175.000 100.000
10200.000 100.000
10225.000 100.000
10250.000 100.000
10275.000 100.000
10300.000 100.000
10325.000 100.000
10350.000 100.000
10375.000 100.000
10400.000 100.000
10425.000 100.000
10450.000 100.000
10475.000 100.000
10500.000 100.000
10525.000 100.000
10550.000 100.000
10575.000 100.000
10600.000 100.000
10625.000 100.000
10650.000 100.000
10675.000 100.000
10700.000 100.000
10725.000 100.000
10750.000 100.000
10775.000 100.000
10800.000 100.000
10825.000 100.000
10850.000 100.000
10875.000 100.000
10900.000 100.000
10925.000 100.000
10950.000 100.000
10975.000 100.000
11000.000 100.000
11025.000 100.000
11050.000 100.000
11075.000 100.000
11100.000 100.000
11125.000 100.000
11150.000 100.000
11175.000 100.000
11200.000 100.000
11225.000 100.000
11250.000 100.000
11275.000 100.000
11300.000 100.000
11325.000 100.000
11350.000 100.000
11375.000 100.000
11400.000 100.000
11425.000 100.000
11450.000 100.000
11475.000 100.000
11500.000 100.000
11525.000 100.000
11550.000 100.000
11575.000 100.000
11600.000 100.000
