1325.000 100.000
1350.000 100.000
1375.000 100.000
1400.000 100.000
1425.000 100.000
1450.000 100.000
1475.000 100.000
1500.000 100.000
1525.000 100.000
1550.000 100.000
1575.000 100.000
1600.000 100.000
1625.000 100.000
1650.000 100.000
1675.000 100.000
1700.000 100.000
1725.000 100.000
1750.000 100.000
1775.000 100.000
1800.000 100.000
1825.000 100.000
1850.000 100.000
1875.000 100.000
1900.000 100.000
1925.000 100.000
1950.000 100.000
1975.000 100.000
2000.000 100.000
2025.000 100.000
2050.000 100.000
2075.000 100.000
2100.000 100.000
2125.000 100.000
2150.000 100.000
2175.000 100.000
2200.000 100.000
2225.000 100.000
2250.000 100.000
2275.000 100.000
2300.000 100.000
2325.000 100.000
2350.000 100.000
2375.000 100.000
2400.000 100.000
2425.000 100.000
2450.000 100.000
2475.000 100.000
2500.000 100.000
2525.000 100.000
2550.000 100.000
2575.000 100.000
2600.000 100.000
2625.000 100.000
2650.000 100.000
2675.000 100.000
2700.000 100.000
2725.000 100.000
2750.000 100.000
2775.000 100.000
2800.000 100.000
2825.000 100.000
2850.000 100.000
2875.000 100.000
2900.000 100.000
2925.000 100.000
2950.000 100.000
2975.000 100.000
3000.000 100.000
3025.000 100.000
3050.000 100.000
3075.000 100.000
3100.000 100.000
3125.000 100.000
3150.000 100.000
3175.000 100.000
3200.000 100.000
3225.000 100.000
3250.000 100.000
3275.000 100.000
3300.000 100.000
3325.000 100.000
3350.000 100.000
3375.000 100.000
3400.000 100.000
3425.000 100.000
3450.000 100.000
3475.000 100.000
3500.000 100.000
3525.000 100.000
3550.000 100.000
3575.000 100.000
3600.000 100.000
3625.000 100.000
3650.000 100.000
3675.000 100.000
3700.000 100.000
3725.000 100.000
3750.000 100.000
3775.000 100.000
3800.000 100.000
3825.000 100.000
3850.000 100.000
3875.000 100.000
3900.000 100.000
3925.000 100.000
3950.000 100.000
3975.000 100.000
4000.000 100.000
4025.000 100.000
4050.000 100.000
4075.000 100.000
4100.000 100.000
4125.000 100.000
4150.000 100.000
4175.000 100.000
4200.000 100.000
4225.000 100.000
4250.000 100.000
4275.000 100.000
4300.000 100.000
4325.000 100.000
4350.000 100.000
4375.000 100.000
4400.000 100.000
4425.000 100.000
4450.000 100.000
4475.000 100.000
4500.000 100.000
4525.000 100.000
4550.000 100.000
4575.000 100.000
4600.000 100.000
4625.000 100.000
4650.000 100.000
4675.000 100.000
4700.000 100.000
4725.000 100.000
4750.000 100.000
4775.000 100.000
4800.000 100.000
4825.000 100.000
4850.000 100.000
4875.000 100.000
4900.000 100.000
4925.000 100.000
4950.000 100.000
4975.000 100.000
5000.000 100.000
5025.000 100.000
5050.000 100.000
5075.000 100.000
5100.000 100.000
5125.000 100.000
5150.000 100.000
5175.000 100.000
5200.000 100.000
5225.000 100.000
5250.000 100.000
5275.000 100.000
5300.000 100.000
5325.000 100.000
5350.000 100.000
5375.000 100.000
5400.000 100.000
5425.000 100.000
5450.000 100.000
5475.000 100.000
5500.000 100.000
5525.000 100.000
5550.000 100.000
5575.000 100.000
5600.000 100.000
5625.000 100.000
5650.000 100.000
5675.000 100.000
5700.000 100.000
5725.000 100.000
5750.000 100.000
5775.000 100.000
5800.000 100.000
5825.000 100.000
5850.000 100.000
5875.000 100.000
5900.000 100.000
5925.000 100.000
5950.000 100.000
5975.000 100.000
6000.000 100.000
6025.000 100.000
6050.000 100.000
6075.000 100.000
6100.000 100.000
6125.000 100.000
6150.000 100.000
6175.000 100.000
6200.000 100.000
6225.000 100.000
6250.000 100.000
6275.000 100.000
6300.000 100.000
6325.000 100.000
6350.000 100.000
6375.000 100.000
6400.000 100.000
6425.000 100.000
6450.000 100.000
6475.000 100.000
6500.000 100.000
6525.000 100.000
6550.000 100.000
6575.000 100.000
6600.000 100.000
6625.000 100.000
6650.000 100.000
6675.000 100.000
6700.000 100.000
6725.000 100.000
6750.000 100.000
6775.000 100.000
6800.000 100.000
6825.000 100.000
6850.000 100.000
6875.000 100.000
6900.000 100.000
6925.000 100.000
6950.000 100.000
6975.000 100.000
7000.000 100.000
7025.000 100.000
7050.000 100.000
7075.000 100.000
7100.000 100.000
7125.000 100.000
7150.000 100.000
7175.000 100.000
7200.000 100.000
7225.000 100.000
7250.000 100.000
7275.000 100.000
7300.000 100.000
7325.000 100.000
7350.000 100.000
7375.000 100.000
7400.000 100.000
7425.000 100.000
7450.000 100.000
7475.000 100.000
7500.000 100.000
7525.000 100.000
7550.000 100.000
7575.000 100.000
7600.000 100.000
7625.000 100.000
7650.000 100.000
7675.000 100.000
7700.000 100.000
7725.000 100.000
7750.000 100.000
7775.000 100.000
7800.000 100.000
7825.000 100.000
7850.000 100.000
7875.000 100.000
7900.000 100.000
7925.000 100.000
7950.000 100.000
7975.000 100.000
8000.000 100.000
8025.000 100.000
8050.000 100.000
8075.000 100.000
8100.000 100.000
8125.000 100.000
8150.000 100.000
8175.000 100.000
8200.000 100.000
8225.000 100.000
8250.000 100.000
8275.000 100.000
8300.000 100.000
8325.000 100.000
8350.000 100.000
8375.000 100.000
8400.000 100.000
8425.000 100.000
8450.000 100.000
8475.000 100.000
8500.000 100.000
8525.000 100.000
8550.000 100.000
8575.000 100.000
8600.000 100.000
8625.000 100.000
8650.000 100.000
8675.000 100.000
8700.000 100.000
8725.000 100.000
8750.000 100.000
8775.000 100.000
8800.000 100.000
8825.000 100.000
8850.000 100.000
8875.000 100.000
8900.000 100.000
8925.000 100.000
8950.000 100.000
8975.000 100.000
9000.000 100.000
9025.000 100.000
9050.000 100.000
9075.000 100.000
9100.000 100.000
9125.000 100.000
9150.000 100.000
9175.000 100.000
9200.000 100.000
9225.000 100.000
9250.000 100.000
9275.000 100.000
9300.000 100.000
9325.000 100.000
9350.000 100.000
9375.000 100.000
9400.000 100.000
