8125.000 100.000
8150.000 100.000
8175.000 100.000
8200.000 100.000
8225.000 100.000
8250.000 100.000
8275.000 100.000
8300.000 100.000
8325.000 100.000
8350.000 100.000
8375.000 100.000
8400.000 100.000
8425.000 100.000
8450.000 100.000
8475.000 100.000
8500.000 100.000
8525.000 100.000
8550.000 100.000
8575.000 100.000
8600.000 100.000
8625.000 100.000
8650.000 100.000
8675.000 100.000
8700.000 100.000
8725.000 100.000
8750.000 100.000
8775.000 100.000
8800.000 100.000
8825.000 100.000
8850.000 100.000
8875.000 100.000
8900.000 100.000
8925.000 100.000
8950.000 100.000
8975.000 100.000
9000.000 100.000
9025.000 100.000
9050.000 100.000
9075.000 100.000
9100.000 100.000
9125.000 100.000
9150.000 100.000
9175.000 100.000
9200.000 100.000
9225.000 100.000
9250.000 100.000
9275.000 100.000
9300.000 100.000
9325.000 100.000
9350.000 100.000
9375.000 100.000
9400.000 100.000
9425.000 100.000
9450.000 100.000
9475.000 100.000
9500.000 100.000
9525.000 100.000
9550.000 100.000
9575.000 100.000
9600.000 100.000
9625.000 100.000
9650.000 100.000
9675.000 100.000
9700.000 100.000
9725.000 100.000
9750.000 100.000
9775.000 100.000
9800.000 100.000
9825.000 100.000
9850.000 100.000
9875.000 100.000
9900.000 100.000
9925.000 100.000
9950.000 100.000
9975.000 100.000
10000.000 100.000
10025.000 100.000
10050.000 100.000
10075.000 100.000
10100.000 100.000
10125.000 100.000
10150.000 100.000
10175.000 100.000
10200.000 100.000
10225.000 100.000
10250.000 100.000
10275.000 100.000
10300.000 100.000
10325.000 100.000
10350.000 100.000
10375.000 100.000
10400.000 100.000
10425.000 100.000
10450.000 100.000
10475.000 100.000
10500.000 100.000
10525.000 100.000
10550.000 100.000
10575.000 100.000
10600.000 100.000
10625.000 100.000
10650.000 100.000
10675.000 100.000
10700.000 100.000
10725.000 100.000
10750.000 100.000
10775.000 100.000
10800.000 100.000
10825.000 100.000
10850.000 100.000
10875.000 100.000
10900.000 100.000
10925.000 100.000
10950.000 100.000
10975.000 100.000
11000.000 100.000
11025.000 100.000
11050.000 100.000
11075.000 100.000
11100.000 100.000
11125.000 100.000
11150.000 100.000
11175.000 100.000
11200.000 100.000
11225.000 100.000
11250.000 100.000
11275.000 100.000
11300.000 100.000
11325.000 100.000
11350.000 100.000
11375.000 100.000
11400.000 100.000
11425.000 100.000
11450.000 100.000
11475.000 100.000
11500.000 100.000
11525.000 100.000
11550.000 100.000
11575.000 100.000
11600.000 100.000
11625.000 100.000
11650.000 100.000
11675.000 100.000
11700.000 100.000
11725.000 100.000
11750.000 100.000
11775.000 100.000
11800.000 100.000
11825.000 100.000
11850.000 100.000
11875.000 100.000
11900.000 100.000
11925.000 100.000
11950.000 100.000
11975.000 100.000
12000.000 100.000
12025.000 100.000
12050.000 100.000
12075.000 100.000
12100.000 100.000
12125.000 100.000
12150.000 100.000
12175.000 100.000
12200.000 100.000
12225.000 100.000
12250.000 100.000
12275.000 100.000
12300.000 100.000
12325.000 100.000
12350.000 100.000
12375.000 100.000
12400.000 100.000
12425.000 100.000
12450.000 100.000
12475.000 100.000
12500.000 100.000
12525.000 100.000
12550.000 100.000
12575.000 100.000
12600.000 100.000
12625.000 100.000
12650.000 100.000
12675.000 100.000
12700.000 100.000
12725.000 100.000
12750.000 100.000
12775.000 100.000
12800.000 100.000
12825.000 100.000
12850.000 100.000
12875.000 100.000
12900.000 100.000
12925.000 100.000
12950.000 100.000
12975.000 100.000
13000.000 100.000
13025.000 100.000
13050.000 100.000
13075.000 100.000
13100.000 100.000
13125.000 100.000
13150.000 100.000
13175.000 100.000
13200.000 100.000
13225.000 100.000
13250.000 100.000
13275.000 100.000
13300.000 100.000
13325.000 100.000
13350.000 100.000
13375.000 100.000
13400.000 100.000
13425.000 100.000
13450.000 100.000
13475.000 100.000
13500.000 100.000
13525.000 100.000
13550.000 100.000
13575.000 100.000
13600.000 100.000
13625.000 100.000
13650.000 100.000
13675.000 100.000
13700.000 100.000
13725.000 100.000
13750.000 100.000
13775.000 100.000
13800.000 100.000
13825.000 100.000
13850.000 100.000
13875.000 100.000
13900.000 100.000
13925.000 100.000
13950.000 100.000
13975.000 100.000
14000.000 100.000
14025.000 100.000
14050.000 100.000
14075.000 100.000
14100.000 100.000
14125.000 100.000
14150.000 100.000
14175.000 100.000
14200.000 100.000
14225.000 100.000
14250.000 100.000
14275.000 100.000
14300.000 100.000
14325.000 100.000
14350.000 100.000
14375.000 100.000
14400.000 100.000
14425.000 100.000
14450.000 100.000
14475.000 100.000
14500.000 100.000
14525.000 100.000
14550.000 100.000
14575.000 100.000
14600.000 100.000
14625.000 100.000
14650.000 100.000
14675.000 100.000
14700.000 100.000
14725.000 100.000
14750.000 100.000
14775.000 100.000
14800.000 100.000
14825.000 100.000
14850.000 100.000
14875.000 100.000
14900.000 100.000
14925.000 100.000
14950.000 100.000
14975.000 100.000
15000.000 100.000
15025.000 100.000
15050.000 100.000
15075.000 100.000
15100.000 100.000
15125.000 100.000
15150.000 100.000
15175.000 100.000
15200.000 100.000
15225.000 100.000
15250.000 100.000
15275.000 100.000
15300.000 100.000
15325.000 100.000
15350.000 100.000
15375.000 100.000
15400.000 100.000
15425.000 100.000
15450.000 100.000
15475.000 100.000
15500.000 100.000
15525.000 100.000
15550.000 100.000
15575.000 100.000
15600.000 100.000
15625.000 100.000
15650.000 100.000
15675.000 100.000
15700.000 100.000
15725.000 100.000
15750.000 100.000
15775.000 100.000
15800.000 100.000
15825.000 100.000
15850.000 100.000
15875.000 100.000
15900.000 100.000
15925.000 100.000
15950.000 100.000
15975.000 100.000
16000.000 100.000
16025.000 100.000
16050.000 100.000
16075.000 100.000
16100.000 100.000
16125.000 100.000
16150.000 100.000
16175.000 100.000
16200.000 100.000
