-10.9647
-10.6474
-10.1206
-9.3721
-8.3919
-7.1731
-5.7120
-4.0087
-2.0672
0.1038
2.4910
5.0759
7.8349
10.7387
13.7528
16.8367
19.9448
23.0259
26.0240
28.8781
31.5232
33.8905
35.9085
37.5033
38.6001
39.1237
39.0000
38.1570
36.5260
34.0435
30.6518
26.3010
20.9501
14.5687
7.1381
-1.3474
-10.8791
-21.4331
-32.9692
-45.4303
-58.7419
-72.8117
-87.5298
-102.7690
-118.3853
-134.2188
-150.0952
-165.8270
-181.2160
-196.0550
-210.1307
-223.2262
-235.1244
-245.6107
-254.4767
-261.5233
-266.5641
-269.4284
-269.9646
-268.0429
-263.5581
-256.4318
-246.6146
-234.0873
-218.8628
-200.9861
-180.5354
-157.6212
-132.3858
-105.0026
-75.6738
-44.6289
-12.1219
21.5717
56.1576
91.3267
126.7586
162.1257
197.0970
231.3423
264.5360
296.3617
326.5152
354.7090
380.6749
404.1675
424.9672
442.8817
457.7489
469.4377
477.8495
482.9185
484.6123
482.9310
477.9072
469.6045
458.1159
443.5624
426.0909
405.8714
383.0950
357.9707
330.7230
301.5888
270.8143
238.6525
205.3601
171.1947
136.4124
101.2654
65.9995
30.8523
-3.9488
-38.1877
-71.6616
-104.1814
-135.5729
-165.6772
-194.3511
-221.4671
-246.9137
-270.5946
-292.4287
-312.3496
-330.3046
-346.2545
-360.1723
-372.0428
-381.8614
-389.6337
-395.3744
-399.1066
-400.8610
-400.6756
-398.5946
-394.6681
-388.9519
-381.5067
-372.3978
-361.6952
-349.4730
-335.8095
-320.7867
-304.4908
-287.0112
-268.4414
-248.8778
-228.4207
-207.1731
-185.2411
-162.7335
-139.7612
-116.4375
-92.8770
-69.1955
-45.5093
-21.9348
1.4123
24.4172
46.9675
68.9531
90.2672
110.8071
130.4747
149.1774
166.8285
183.3478
198.6622
212.7065
225.4231
236.7630
246.6860
255.1602
262.1632
267.6811
271.7093
274.2517
275.3209
274.9379
273.1314
269.9380
265.4013
259.5717
252.5054
244.2647
234.9165
224.5324
213.1878
200.9615
187.9348
174.1913
159.8163
144.8961
129.5177
113.7682
97.7345
81.5029
65.1583
48.7848
32.4644
16.2773
0.3016
-15.3873
-30.7165
-45.6158
-60.0182
-73.8600
-87.0805
-99.6229
-111.4338
-122.4636
-132.6668
-142.0020
-150.4318
-157.9235
-164.4486
-169.9835
-174.5094
-178.0122
-180.4830
-181.9180
-182.3185
-181.6913
-180.0483
-177.4067
-173.7892
-169.2236
-163.7427
-157.3848
-150.1926
-142.2137
-133.5002
-124.1082
-114.0976
-103.5321
-92.4782
-81.0050
-69.1842
-57.0888
-44.7935
-32.3735
-19.9041
-7.4608
4.8823
17.0518
28.9766
40.5876
51.8186
62.6064
72.8914
82.6182
91.7353
100.1959
107.9581
114.9847
121.2439
126.7091
131.3588
135.1771
138.1534
140.2820
141.5629
142.0007
141.6051
140.3904
138.3755
135.5834
132.0412
127.7797
122.8332
117.2393
111.0383
104.2732
96.9896
89.2348
81.0581
72.5103
63.6435
54.5107
45.1656
35.6626
26.0560
16.4005
6.7503
-2.8408
-12.3196
-21.6338
-30.7323
-39.5653
-48.0846
-56.2438
-63.9985
-71.3063
-78.1275
-84.4251
-90.1648
-95.3154
-99.8490
-103.7412
-106.9714
-109.5225
-111.3817
-112.5403
-112.9937
-112.7418
-111.7889
-110.1438
-107.8196
-104.8342
-101.2097
-96.9725
-92.1534
-86.7871
-80.9121
-74.5707
-67.8084
-60.6738
-53.2181
-45.4950
-37.5599
-29.4698
-21.2829
-13.0579
-4.8536
3.2716
11.2598
19.0548
26.6018
33.8484
40.7448
47.2442
53.3032
58.8823
63.9460
68.4631
72.4073
75.7567
78.4945
80.6091
82.0937
82.9468
83.1719
82.7773
81.7762
80.1865
78.0305
75.3345
72.1287
68.4470
64.3262
59.8062
54.9290
49.7390
44.2818
38.6045
32.7547
26.7805
20.7299
14.6503
8.5885
2.5900
-3.3015
-9.0439
-14.5974
-19.9247
-24.9911
-29.7647
-34.2170
-38.3224
-42.0588
-45.4074
-48.3530
-50.8839
-52.9915
-54.6712
-55.9214
-56.7438
-57.1433
-57.1280
-56.7085
-55.8985
-54.7139
-53.1730
-51.2963
-49.1061
-46.6262
-43.8820
-40.9001
-37.7078
-34.3334
-30.8055
-27.1531
-23.4049
-19.5899
-15.7364
-11.8721
-8.0242
-4.2188
-0.4809
3.1658
6.6986
10.0968
13.3408
16.4129
19.2972
21.9794
24.4472
26.6901
28.6996
30.4689
31.9931
33.2694
34.2965
35.0752
35.6076
35.8978
35.9514
35.7754
35.3782
34.7695
33.9601
32.9621
31.7883
30.4525
28.9691
27.3531
25.6199
23.7855
21.8658
19.8769
17.8349
15.7556
13.6548
11.5477
9.4491
7.3733
5.3339
3.3437
1.4147
-0.4418
-2.2156
-3.8975
-5.4793
-6.9538
-8.3149
-9.5575
-10.6778
-11.6729
-12.5412
-13.2818
-13.8951
-14.3825
-14.7462
-14.9893
-15.1158
-15.1304
-15.0387
-14.8465
-14.5607
-14.1882
-13.7365
-13.2135
-12.6271
-11.9855
-11.2970
-10.5699
-9.8122
-9.0320
-8.2371
-7.4351
-6.6331
-5.8380
-5.0561
-4.2933
-3.5550
-2.8462
-2.1711
-1.5335
-0.9364
-0.3826
0.1259
0.5879
1.0023
1.3689
1.6878
1.9596
2.1855
2.3669
2.5057
2.6041
2.6646
2.6898
2.6826
2.6462
2.5834
2.4977
2.3920
2.2696
2.1336
1.9869
1.8324
1.6728
1.5106
1.3481
1.1875
1.0307
0.8794
0.7350
0.5988
0.4717
0.3546
0.2480
0.1523
0.0677
-0.0058
-0.0683
-0.1201
-0.1615
-0.1932
-0.2156
-0.2294
-0.2355
-0.2344
-0.2271
-0.2143
-0.1969
-0.1756
-0.1512
-0.1244
-0.0960
-0.0665
-0.0367
-0.0070
0.0220
0.0500
0.0765
0.1012
0.1240
0.1445
0.1627
0.1784
0.1916
0.2024
0.2107
0.2166
0.2203
0.2218
0.2214
0.2191
0.2153
0.2100
0.2035
0.1959
0.1875
0.1785
0.1690
0.1593
0.1494
0.1396
0.1299
0.1206
0.1116
0.1032
0.0954
0.0882
0.0817
0.0759
0.0708
0.0665
0.0630
0.0601
0.0580
0.0566
0.0557
0.0555
0.0558
0.0565
0.0577
0.0593
0.0612
0.0633
0.0656
0.0681
0.0706
0.0733
0.0759
0.0785
0.0810
0.0834
0.0857
0.0879
0.0899
0.0917
0.0933
0.0947
0.0960
0.0970
0.0978
0.0985
0.0990
0.0993
0.0994
0.0994
0.0993
0.0991
0.0987
0.0983
0.0978
0.0973
0.0967
0.0961
0.0955
0.0949
0.0943
0.0938
0.0932
0.0927
0.0922
0.0918
0.0914
0.0911
0.0908
0.0906
0.0905
0.0904
0.0903
0.0903
0.0904
0.0905
0.0906
0.0908
0.0910
0.0912
0.0915
0.0917
0.0920
0.0923
0.0926
0.0929
0.0933
0.0936
0.0939
0.0942
0.0944
0.0947
0.0950
0.0952
0.0954
0.0957
0.0958
0.0960
0.0962
0.0963
0.0964
0.0966
0.0967
0.0967
0.0968
0.0969
0.0969
0.0969
0.0970
0.0970
0.0970
0.0970
0.0970
0.0970
0.0970
0.0970
0.0969
0.0969
0.0969
0.0969
0.0969
0.0969
0.0969
0.0969
0.0968
0.0968
0.0968
0.0968
0.0968
0.0968
0.0968
0.0968
0.0968
0.0968
0.0968
0.0968
0.0968
0.0968
0.0968
0.0968
0.0968
0.0968
0.0968
0.0968
0.0968
0.0968
0.0968
0.0968
0.0968
0.0968
0.0968
0.0968
0.0968
0.0968
0.0968
0.0968
0.0967
0.0967
0.0967
0.0967
0.0967
0.0967
0.0967
0.0967
0.0966
0.0966
0.0966
0.0966
0.0966
0.0965
0.0965
0.0965
0.0965
0.0965
0.0964
0.0964
0.0964
0.0964
0.0963
0.0963
0.0963
0.0963
0.0962
0.0962
0.0962
0.0961
0.0961
0.0960
0.0960
0.0960
0.0959
0.0959
0.0958
0.0958
0.0958
0.0957
0.0957
0.0956
0.0956
0.0955
0.0955
0.0954
0.0954
0.0953
0.0952
0.0952
0.0951
0.0951
0.0950
0.0949
0.0949
0.0948
0.0948
0.0947
0.0946
0.0946
0.0945
0.0944
0.0944
0.0943
0.0943
0.0942
0.0941
0.0941
0.0940
0.0939
0.0939
0.0938
0.0937
0.0937
0.0936
0.0935
0.0934
0.0934
0.0933
0.0932
0.0932
0.0931
0.0930
0.0930
0.0929
0.0928
0.0928
0.0927
0.0926
0.0926
0.0925
0.0924
0.0923
0.0923
0.0922
0.0921
0.0920
0.0920
0.0919
0.0918
0.0917
0.0917
0.0916
0.0915
0.0914
0.0914
0.0913
0.0912
0.0911
0.0910
0.0909
0.0909
0.0908
0.0907
0.0906
0.0905
0.0904
0.0904
0.0903
0.0902
0.0901
0.0900
0.0899
0.0898
0.0897
0.0896
0.0896
0.0895
0.0894
0.0893
0.0892
0.0891
0.0890
0.0889
0.0888
0.0887
0.0886
0.0885
0.0884
0.0883
0.0882
0.0881
0.0880
0.0879
0.0878
0.0877
0.0876
0.0875
0.0874
0.0873
0.0872
0.0871
0.0870
0.0869
0.0868
0.0867
0.0866
0.0865
0.0864
0.0863
0.0862
0.0861
0.0860
0.0859
0.0858
0.0857
0.0856
0.0855
0.0854
0.0853
0.0852
0.0851
0.0850
0.0849
0.0848
0.0847
0.0846
0.0845
0.0844
0.0843
0.0842
0.0841
0.0839
0.0838
0.0837
0.0836
0.0835
0.0834
0.0833
0.0832
0.0831
0.0830
0.0829
0.0827
0.0826
0.0825
0.0824
0.0823
0.0822
0.0821
0.0820
0.0819
0.0818
0.0816
0.0815
0.0814
0.0813
0.0812
0.0811
0.0810
0.0809
0.0808
0.0807
0.0805
0.0804
0.0803
0.0802
0.0801
0.0800
0.0799
0.0798
0.0797
0.0795
0.0794
0.0793
0.0792
0.0791
0.0790
0.0789
0.0788
0.0786
0.0785
0.0784
0.0783
0.0782
0.0781
0.0780
0.0778
0.0777
0.0776
0.0775
0.0774
0.0773
0.0772
0.0770
0.0769
0.0768
0.0767
0.0766
0.0765
0.0764
0.0762
0.0761
0.0760
0.0759
0.0758
0.0757
0.0755
0.0754
0.0753
0.0752
0.0751
0.0750
0.0748
0.0747
0.0746
0.0745
0.0744
0.0743
0.0741
0.0740
0.0739
0.0738
0.0737
0.0736
0.0734
0.0733
0.0732
0.0731
0.0730
0.0729
0.0727
0.0726
0.0725
0.0724
0.0723
0.0722
0.0720
0.0719
0.0718
0.0717
0.0716
0.0714
0.0713
0.0712
0.0711
0.0710
0.0709
0.0707
0.0706
0.0705
0.0704
0.0703
0.0701
0.0700
0.0699
0.0698
0.0697
0.0696
0.0694
0.0693
0.0692
0.0691
0.0690
0.0688
0.0687
0.0686
0.0685
0.0684
0.0683
0.0681
0.0680
0.0679
0.0678
0.0677
0.0675
0.0674
0.0673
0.0672
0.0671
0.0670
0.0668
0.0667
0.0666
0.0665
0.0664
0.0662
0.0661
0.0660
0.0659
0.0658
0.0657
0.0655
0.0654
0.0653
0.0652
0.0651
0.0649
0.0648
0.0647
0.0646
0.0645
0.0643
0.0642
0.0641
0.0640
0.0639
0.0638
0.0636
0.0635
0.0634
0.0633
0.0632
0.0630
0.0629
0.0628
0.0627
0.0626
0.0625
0.0623
0.0622
0.0621
0.0620
0.0619
0.0617
0.0616
0.0615
0.0614
0.0613
0.0612
0.0610
0.0609
0.0608
0.0607
0.0606
0.0604
0.0603
0.0602
0.0601
0.0600
0.0599
0.0597
0.0596
0.0595
0.0594
0.0593
0.0591
0.0590
0.0589
0.0588
0.0587
0.0586
0.0584
0.0583
0.0582
0.0581
0.0580
0.0578
0.0577
0.0576
0.0575
0.0574
0.0573
0.0571
0.0570
0.0569
0.0568
0.0567
0.0566
0.0564
0.0563
0.0562
0.0561
0.0560
0.0559
0.0557
0.0556
0.0555
0.0554
0.0553
0.0552
0.0551
0.0549
0.0548
0.0547
0.0546
0.0545
0.0544
0.0543
0.0541
0.0540
0.0539
0.0538
0.0537
0.0536
0.0534
0.0533
0.0532
0.0531
0.0530
0.0529
0.0528
0.0526
0.0525
0.0524
0.0523
0.0522
0.0521
0.0520
0.0518
0.0517
0.0516
0.0515
0.0514
0.0513
0.0511
0.0510
0.0509
0.0508
0.0507
0.0506
0.0505
0.0503
0.0502
0.0501
0.0500
0.0499
0.0498
0.0497
0.0496
0.0494
0.0493
0.0492
0.0491
0.0490
0.0489
0.0488
0.0487
0.0485
0.0484
0.0483
0.0482
0.0481
0.0480
0.0479
0.0478
0.0476
0.0475
0.0474
0.0473
0.0472
0.0471
0.0470
0.0469
0.0468
0.0467
0.0465
0.0464
0.0463
0.0462
0.0461
0.0460
0.0459
0.0458
0.0457
0.0455
0.0454
0.0453
0.0452
0.0451
0.0450
0.0449
0.0448
0.0447
0.0446
0.0445
0.0443
0.0442
0.0441
0.0440
0.0439
0.0438
0.0437
0.0436
0.0435
0.0434
0.0433
0.0432
0.0431
0.0429
0.0428
0.0427
0.0426
0.0425
0.0424
0.0423
0.0422
0.0421
0.0420
0.0419
0.0418
0.0417
0.0416
0.0415
0.0414
0.0413
0.0411
0.0410
0.0409
0.0408
0.0407
0.0406
0.0405
0.0404
0.0403
0.0402
0.0401
0.0400
0.0399
0.0398
0.0397
0.0396
0.0395
0.0394
0.0393
0.0392
0.0391
0.0390
0.0389
0.0388
0.0386
0.0385
0.0384
0.0383
0.0382
0.0381
0.0380
0.0379
0.0378
0.0377
0.0376
0.0375
0.0374
0.0373
0.0372
0.0371
0.0370
0.0369
0.0368
0.0367
0.0366
0.0365
0.0364
0.0363
0.0362
0.0361
0.0360
0.0359
0.0358
0.0357
0.0356
0.0355
0.0354
0.0353
0.0352
0.0351
0.0350
0.0349
0.0348
0.0347
0.0346
0.0345
0.0344
0.0343
0.0342
0.0341
0.0340
0.0339
0.0338
0.0337
0.0336
0.0335
0.0335
0.0334
0.0333
0.0332
0.0331
0.0330
0.0329
0.0328
0.0327
0.0326
0.0325
0.0324
0.0323
0.0322
0.0321
0.0321
0.0320
0.0319
0.0318
0.0317
0.0316
0.0315
0.0314
0.0313
0.0312
0.0311
0.0310
0.0309
0.0309
0.0308
0.0307
0.0306
0.0305
0.0304
0.0303
0.0302
0.0301
0.0300
0.0299
0.0298
0.0298
0.0297
0.0296
0.0295
0.0294
0.0293
0.0292
0.0291
0.0290
0.0289
0.0288
0.0288
0.0287
0.0286
0.0285
0.0284
0.0283
0.0282
0.0281
0.0280
0.0279
0.0279
0.0278
0.0277
0.0276
0.0275
0.0274
0.0273
0.0272
0.0272
0.0271
0.0270
0.0269
0.0268
0.0267
0.0266
0.0266
0.0265
0.0264
0.0263
0.0262
0.0261
0.0261
0.0260
0.0259
0.0258
0.0257
0.0256
0.0256
0.0255
0.0254
0.0253
0.0252
0.0252
0.0251
0.0250
0.0249
0.0248
0.0248
0.0247
0.0246
0.0245
0.0244
0.0244
0.0243
0.0242
0.0241
0.0240
0.0240
0.0239
0.0238
0.0237
0.0237
0.0236
0.0235
0.0234
0.0233
0.0233
0.0232
0.0231
0.0230
0.0230
0.0229
0.0228
0.0227
0.0226
0.0226
0.0225
0.0224
0.0223
0.0223
0.0222
0.0221
0.0220
0.0220
0.0219
0.0218
0.0217
0.0217
0.0216
0.0215
0.0214
0.0214
0.0213
0.0212
0.0211
0.0211
0.0210
0.0209
0.0208
0.0208
0.0207
0.0206
0.0206
0.0205
0.0204
0.0203
0.0203
0.0202
0.0201
0.0201
0.0200
0.0199
0.0198
0.0198
0.0197
0.0196
0.0196
0.0195
0.0194
0.0194
0.0193
0.0192
0.0192
0.0191
0.0190
0.0190
0.0189
0.0188
0.0188
0.0187
0.0186
0.0186
0.0185
0.0184
0.0184
0.0183
0.0182
0.0182
0.0181
0.0181
0.0180
0.0179
0.0179
0.0178
0.0177
0.0177
0.0176
0.0175
0.0175
0.0174
0.0174
0.0173
0.0172
0.0172
0.0171
0.0170
0.0170
0.0169
0.0169
0.0168
0.0167
0.0167
0.0166
0.0165
0.0165
0.0164
0.0164
0.0163
0.0163
0.0162
0.0161
0.0161
0.0160
0.0160
0.0159
0.0158
0.0158
0.0157
0.0157
0.0156
0.0156
0.0155
0.0155
0.0154
0.0153
0.0153
0.0152
0.0152
0.0151
0.0151
0.0150
0.0150
0.0149
0.0149
0.0148
0.0147
0.0147
0.0146
0.0146
0.0145
0.0145
0.0144
0.0144
0.0143
0.0143
0.0142
0.0142
0.0141
0.0141
0.0140
0.0140
0.0139
0.0139
0.0138
0.0138
0.0137
0.0137
0.0136
0.0136
0.0135
0.0135
0.0134
0.0134
0.0133
0.0133
0.0132
0.0132
0.0131
0.0131
0.0131
0.0130
0.0130
0.0129
0.0129
0.0128
0.0128
0.0127
0.0127
0.0126
0.0126
0.0125
0.0125
0.0125
0.0124
0.0124
0.0123
0.0123
0.0122
0.0122
0.0121
0.0121
0.0121
0.0120
0.0120
0.0119
0.0119
0.0119
0.0118
0.0118
0.0117
0.0117
0.0117
0.0116
0.0116
0.0115
0.0115
0.0115
0.0114
0.0114
0.0114
0.0113
0.0113
0.0113
0.0112
0.0112
0.0111
0.0111
0.0111
0.0110
0.0110
0.0110
0.0109
0.0109
0.0109
0.0108
0.0108
0.0108
0.0107
0.0107
0.0107
0.0106
0.0106
0.0106
0.0106
0.0105
0.0105
0.0105
0.0104
0.0104
0.0104
0.0103
0.0103
0.0103
0.0102
0.0102
0.0102
0.0101
0.0101
0.0101
0.0100
0.0100
0.0100
0.0100
0.0099
0.0099
0.0099
0.0098
0.0098
0.0098
0.0098
0.0097
0.0097
0.0097
0.0096
0.0096
0.0096
0.0096
0.0095
0.0095
0.0095
0.0095
0.0094
0.0094
0.0094
0.0094
0.0093
0.0093
0.0093
0.0093
0.0093
0.0092
0.0092
0.0092
0.0092
0.0092
0.0091
0.0091
0.0091
0.0091
0.0091
0.0091
0.0090
0.0090
0.0090
0.0090
0.0090
0.0090
0.0089
0.0089
0.0089
0.0089
0.0089
0.0089
0.0088
0.0088
0.0088
0.0088
0.0088
0.0088
0.0088
0.0087
0.0087
0.0087
0.0087
0.0087
0.0087
0.0087
0.0086
0.0086
0.0086
0.0086
0.0086
0.0086
0.0086
0.0086
0.0085
0.0085
0.0085
0.0085
0.0085
0.0085
0.0085
0.0085
0.0084
0.0084
0.0084
0.0084
0.0084
0.0084
0.0084
0.0084
0.0084
0.0084
0.0084
0.0083
0.0083
0.0083
0.0083
0.0083
0.0083
0.0083
0.0083
0.0083
0.0083
0.0083
0.0083
0.0083
0.0083
0.0083
0.0083
0.0083
0.0083
0.0083
0.0083
0.0083
0.0083
0.0083
0.0083
0.0083
0.0083
0.0083
0.0083
0.0083
0.0083
0.0083
0.0083
0.0083
0.0083
0.0083
0.0083
0.0083
0.0083
0.0083
0.0083
0.0083
0.0083
0.0083
0.0083
0.0083
0.0083
0.0083
0.0083
0.0084
0.0084
0.0084
0.0084
0.0084
0.0084
0.0084
0.0084
0.0084
0.0084
0.0084
0.0084
0.0084
0.0084
0.0085
0.0085
0.0085
0.0085
0.0085
0.0085
0.0085
0.0085
0.0085
0.0085
0.0085
0.0086
0.0086
0.0086
0.0086
0.0086
0.0086
0.0086
0.0086
0.0086
0.0087
0.0087
0.0087
0.0087
0.0087
0.0087
0.0087
0.0088
0.0088
0.0088
0.0088
0.0088
0.0088
0.0089
0.0089
0.0089
0.0089
0.0089
0.0089
0.0090
0.0090
0.0090
0.0090
0.0090
0.0091
0.0091
0.0091
0.0091
0.0091
0.0092
0.0092
0.0092
0.0092
0.0093
0.0093
0.0093
0.0093
0.0094
0.0094
0.0094
0.0094
0.0095
0.0095
0.0095
0.0095
0.0096
0.0096
0.0096
0.0096
0.0097
0.0097
0.0097
0.0097
0.0098
0.0098
0.0098
0.0099
0.0099
0.0099
0.0099
0.0100
0.0100
0.0100
0.0101
0.0101
0.0101
0.0101
0.0102
0.0102
0.0102
0.0103
0.0103
0.0103
0.0104
0.0104
0.0104
0.0105
0.0105
0.0105
0.0106
0.0106
0.0106
0.0107
0.0107
0.0107
0.0108
0.0108
0.0108
0.0109
0.0109
0.0109
0.0110
0.0110
0.0110
0.0111
0.0111
0.0112
0.0112
0.0112
0.0113
0.0113
0.0114
0.0114
0.0114
0.0115
0.0115
0.0116
0.0116
0.0116
0.0117
0.0117
0.0118
0.0118
0.0119
0.0119
0.0120
0.0120
0.0120
0.0121
0.0121
0.0122
0.0122
0.0123
0.0123
0.0124
0.0124
0.0125
0.0125
0.0126
0.0126
0.0127
0.0127
0.0128
0.0128
0.0128
0.0129
0.0129
0.0130
0.0130
0.0131
0.0132
0.0132
0.0133
0.0133
0.0134
0.0134
0.0135
0.0135
0.0136
0.0136
0.0137
0.0137
0.0138
0.0138
0.0139
0.0139
0.0140
0.0140
0.0141
0.0141
0.0142
0.0143
0.0143
0.0144
0.0144
0.0145
0.0145
0.0146
0.0146
0.0147
0.0148
0.0148
0.0149
0.0149
0.0150
0.0150
0.0151
0.0152
0.0152
0.0153
0.0153
0.0154
0.0155
0.0155
0.0156
0.0156
0.0157
0.0158
0.0158
0.0159
0.0159
0.0160
0.0161
0.0161
0.0162
0.0163
0.0163
0.0164
0.0165
0.0165
0.0166
0.0167
0.0167
0.0168
0.0169
0.0170
0.0170
0.0171
0.0172
0.0172
0.0173
0.0174
0.0174
0.0175
0.0176
0.0177
0.0177
0.0178
0.0179
0.0180
0.0180
0.0181
0.0182
0.0182
0.0183
0.0184
0.0185
0.0185
0.0186
0.0187
0.0188
0.0188
0.0189
0.0190
0.0190
0.0191
0.0192
0.0193
0.0193
0.0194
0.0195
0.0196
0.0196
0.0197
0.0198
0.0199
0.0199
0.0200
0.0201
0.0202
0.0203
0.0203
0.0204
0.0205
0.0206
0.0206
0.0207
0.0208
0.0209
0.0210
0.0211
0.0211
0.0212
0.0213
0.0214
0.0215
0.0216
0.0216
0.0217
0.0218
0.0219
0.0220
0.0221
0.0222
0.0222
0.0223
0.0224
0.0225
0.0226
0.0227
0.0228
0.0229
0.0229
0.0230
0.0231
0.0232
0.0233
0.0234
0.0235
0.0236
0.0237
0.0238
0.0239
0.0239
0.0240
0.0241
0.0242
0.0243
0.0244
0.0245
0.0246
0.0247
0.0248
0.0249
0.0250
0.0251
0.0252
0.0253
0.0254
0.0255
0.0256
0.0256
0.0257
0.0258
0.0259
0.0260
0.0261
0.0262
0.0263
0.0264
0.0265
0.0266
0.0267
0.0268
0.0269
0.0270
0.0271
0.0272
0.0273
0.0274
0.0275
0.0276
0.0277
0.0278
0.0279
0.0280
0.0281
0.0282
0.0283
0.0284
0.0285
0.0286
0.0287
0.0288
0.0289
0.0290
0.0291
0.0292
0.0293
0.0294
0.0295
0.0297
0.0298
0.0299
0.0300
0.0301
0.0302
0.0303
0.0304
0.0305
0.0306
0.0307
0.0308
0.0310
0.0311
0.0312
0.0313
0.0314
0.0315
0.0316
0.0317
0.0319
0.0320
0.0321
0.0322
0.0323
0.0324
0.0325
0.0327
0.0328
0.0329
0.0330
0.0331
0.0332
0.0333
0.0335
0.0336
0.0337
0.0338
0.0339
0.0340
0.0342
0.0343
0.0344
0.0345
0.0346
0.0348
0.0349
0.0350
0.0351
0.0352
0.0354
0.0355
0.0356
0.0357
0.0358
0.0360
0.0361
0.0362
0.0363
0.0364
0.0366
0.0367
0.0368
0.0369
0.0370
0.0372
0.0373
0.0374
0.0375
0.0377
0.0378
0.0379
0.0380
0.0382
0.0383
0.0384
0.0385
0.0387
0.0388
0.0389
0.0390
0.0392
0.0393
0.0394
0.0396
0.0397
0.0398
0.0399
0.0401
0.0402
0.0403
0.0405
0.0406
0.0407
0.0409
0.0410
0.0411
0.0412
0.0414
0.0415
0.0416
0.0418
0.0419
0.0420
0.0422
0.0423
0.0424
0.0426
0.0427
0.0429
0.0430
0.0431
0.0433
0.0434
0.0435
0.0437
0.0438
0.0439
0.0441
0.0442
0.0444
0.0445
0.0446
0.0448
0.0449
0.0451
0.0452
0.0453
0.0455
0.0456
0.0458
0.0459
0.0460
0.0462
0.0463
0.0465
0.0466
0.0467
0.0469
0.0470
0.0472
0.0473
0.0475
0.0476
0.0477
0.0479
0.0480
0.0482
0.0483
0.0485
0.0486
0.0488
0.0489
0.0490
0.0492
0.0493
0.0495
0.0496
0.0498
0.0499
0.0501
0.0502
0.0504
0.0505
0.0507
0.0508
0.0510
0.0511
0.0513
0.0514
0.0516
0.0517
0.0519
0.0520
0.0522
0.0523
0.0525
0.0526
0.0528
0.0530
0.0531
0.0533
0.0534
0.0536
0.0537
0.0539
0.0540
0.0542
0.0544
0.0545
0.0547
0.0548
0.0550
0.0551
0.0553
0.0554
0.0556
0.0557
0.0559
0.0560
0.0562
0.0564
0.0565
0.0567
0.0568
0.0570
0.0571
0.0573
0.0574
0.0576
0.0577
0.0579
0.0580
0.0582
0.0583
0.0585
0.0587
0.0588
0.0590
0.0591
0.0593
0.0595
0.0597
0.0598
0.0600
0.0602
0.0604
0.0605
0.0607
0.0609
0.0611
0.0613
0.0615
0.0616
0.0618
0.0620
0.0622
0.0624
0.0626
0.0628
0.0629
0.0631
0.0633
0.0635
0.0636
0.0638
0.0640
0.0641
0.0643
0.0644
0.0645
0.0647
0.0648
0.0649
0.0650
0.0651
0.0652
0.0653
0.0654
0.0655
0.0656
0.0657
0.0658
0.0659
0.0660
0.0661
0.0662
0.0664
0.0665
0.0667
0.0668
0.0670
0.0672
0.0674
0.0676
0.0679
0.0682
0.0685
0.0688
0.0692
0.0695
0.0699
0.0704
0.0708
0.0712
0.0717
0.0721
0.0726
0.0731
0.0735
0.0740
0.0744
0.0748
0.0752
0.0755
0.0758
0.0760
0.0761
0.0762
0.0762
0.0762
0.0760
0.0757
0.0753
0.0749
0.0743
0.0735
0.0727
0.0718
0.0707
0.0695
0.0682
0.0668
0.0653
0.0636
0.0619
0.0601
0.0583
0.0564
0.0544
0.0524
0.0504
0.0484
0.0464
0.0444
0.0425
0.0406
0.0388
0.0370
0.0353
0.0337
0.0322
0.0308
0.0295
0.0283
0.0273
0.0263
0.0255
0.0247
0.0241
0.0236
0.0231
0.0228
0.0226
0.0224
0.0223
0.0223
0.0223
0.0224
0.0226
0.0228
0.0230
0.0232
0.0235
0.0237
0.0240
0.0243
0.0246
0.0248
0.0251
0.0253
0.0255
0.0258
0.0259
0.0261
0.0263
0.0264
0.0265
0.0266
0.0266
0.0267
0.0267
0.0267
0.0267
0.0267
0.0266
0.0266
0.0265
0.0265
0.0264
0.0263
0.0262
0.0262
0.0261
0.0260
0.0259
0.0259
0.0258
0.0257
0.0257
0.0256
0.0256
0.0256
0.0255
0.0255
0.0255
0.0255
0.0254
0.0254
0.0254
0.0254
0.0254
0.0255
0.0255
0.0255
0.0255
0.0255
0.0255
0.0256
0.0256
0.0256
0.0256
0.0256
0.0257
0.0257
0.0257
0.0257
0.0257
0.0257
0.0258
0.0258
0.0258
0.0258
0.0258
0.0258
0.0258
0.0258
0.0258
0.0258
0.0258
0.0258
0.0258
0.0258
0.0258
0.0258
0.0258
0.0257
0.0257
0.0257
0.0257
0.0257
0.0257
0.0257
0.0257
0.0257
0.0257
0.0257
0.0257
0.0257
0.0257
0.0257
0.0257
0.0257
0.0257
0.0257
0.0257
0.0257
0.0257
0.0257
0.0257
0.0257
0.0257
0.0257
0.0257
0.0257
0.0257
0.0257
0.0257
0.0257
0.0257
0.0257
0.0257
0.0257
0.0257
0.0257
0.0257
0.0257
0.0257
0.0257
0.0257
0.0257
0.0257
0.0257
0.0257
0.0257
0.0257
0.0257
0.0257
0.0257
0.0257
0.0257
0.0257
0.0257
0.0257
0.0257
0.0257
0.0257
0.0257
0.0257
0.0257
0.0257
0.0257
0.0257
0.0257
0.0257
0.0257
0.0257
0.0257
0.0257
0.0257
0.0257
0.0257
0.0257
0.0257
0.0257
0.0257
0.0257
0.0257
0.0257
0.0257
0.0257
0.0257
0.0257
0.0257
0.0257
0.0257
0.0257
0.0257
0.0257
0.0257
0.0257
0.0257
0.0257
0.0257
0.0257
0.0257
0.0257
0.0257
0.0257
0.0257
0.0257
0.0257
0.0257
0.0257
0.0257
0.0257
0.0257
0.0257
0.0257
0.0257
0.0257
0.0257
0.0257
0.0257
0.0257
0.0257
0.0257
0.0257
0.0257
0.0257
0.0257
0.0257
0.0257
0.0257
0.0257
0.0257
0.0257
0.0257
0.0257
0.0257
0.0257
0.0257
0.0257
0.0257
0.0257
0.0257
0.0257
0.0257
0.0257
0.0257
0.0257
0.0257
0.0257
0.0257
0.0257
0.0257
0.0257
0.0257
0.0257
0.0257
0.0257
0.0257
0.0257
0.0257
0.0257
0.0257
0.0257
0.0257
0.0257
0.0257
0.0257
0.0257
0.0257
0.0257
0.0257
0.0257
0.0257
0.0257
0.0257
0.0257
0.0257
0.0257
0.0257
0.0257
0.0257
0.0257
0.0257
0.0257
0.0257
0.0257
0.0257
0.0257
0.0257
0.0257
0.0257
0.0257
0.0257
0.0257
0.0257
0.0257
0.0257
0.0257
0.0257
0.0257
0.0257
0.0257
0.0257
0.0257
0.0257
0.0257
0.0257
0.0257
0.0257
0.0257
0.0257
0.0257
0.0257
0.0257
0.0257
0.0257
0.0257
0.0257
0.0257
0.0257
0.0257
0.0257
0.0257
0.0257
0.0257
0.0257
0.0257
0.0257
0.0257
0.0257
0.0257
0.0257
0.0257
0.0257
0.0257
0.0257
0.0257
0.0257
0.0257
0.0257
0.0257
0.0257
0.0257
0.0257
0.0257
0.0257
0.0257
0.0257
0.0257
0.0257
0.0257
0.0257
0.0257
0.0257
0.0257
0.0257
0.0257
0.0257
0.0257
0.0257
0.0257
0.0257
0.0257
0.0257
0.0257
0.0257
0.0257
0.0257
0.0257
0.0257
0.0257
0.0257
0.0257
0.0257
0.0257
0.0257
0.0257
0.0257
0.0257
0.0257
0.0257
0.0257
0.0257
0.0257
0.0257
0.0257
0.0257
0.0257
0.0257
0.0257
0.0257
0.0257
0.0257
0.0257
0.0257
0.0257
0.0257
0.0257
0.0257
0.0257
0.0257
0.0257
0.0257
0.0257
0.0257
0.0257
0.0257
0.0257
0.0257
0.0257
0.0257
0.0257
0.0257
0.0257
0.0257
0.0257
0.0257
0.0257
0.0257
0.0257
0.0257
0.0257
0.0257
0.0257
0.0257
0.0257
0.0257
0.0257
0.0257
0.0257
0.0257
0.0257
0.0257
0.0257
0.0257
0.0257
0.0257
